break
break
vertices
0 0.004727 0.001200 -0.000834 
1 0.004800 0.001200 0.000000 
2 0.000000 0.000000 0.000000 
3 0.004511 0.001200 -0.001642 
4 0.004157 0.001200 -0.002400 
5 0.003677 0.001200 -0.003085 
6 0.003085 0.001200 -0.003677 
7 0.002400 0.001200 -0.004157 
8 0.001642 0.001200 -0.004511 
9 0.000833 0.001200 -0.004727 
10 -0.000000 0.001200 -0.004800 
11 -0.000834 0.001200 -0.004727 
12 -0.001642 0.001200 -0.004511 
13 -0.002400 0.001200 -0.004157 
14 -0.003085 0.001200 -0.003677 
15 -0.003677 0.001200 -0.003085 
16 -0.004157 0.001200 -0.002400 
17 -0.004511 0.001200 -0.001642 
18 -0.004727 0.001200 -0.000833 
19 -0.004800 0.001200 0.000000 
20 -0.004727 0.001200 0.000834 
21 -0.004511 0.001200 0.001642 
22 -0.004157 0.001200 0.002400 
23 -0.003677 0.001200 0.003085 
24 -0.003085 0.001200 0.003677 
25 -0.002400 0.001200 0.004157 
26 -0.001642 0.001200 0.004511 
27 -0.000833 0.001200 0.004727 
28 0.000000 0.001200 0.004800 
29 0.000834 0.001200 0.004727 
30 0.001642 0.001200 0.004511 
31 0.002400 0.001200 0.004157 
32 0.003085 0.001200 0.003677 
33 0.003677 0.001200 0.003085 
34 0.004157 0.001200 0.002400 
35 0.004511 0.001200 0.001642 
36 0.004727 0.001200 0.000833 
37 0.009454 0.002400 -0.001667 
38 0.009600 0.002400 0.000000 
39 0.009021 0.002400 -0.003283 
40 0.008314 0.002400 -0.004800 
41 0.007354 0.002400 -0.006171 
42 0.006171 0.002400 -0.007354 
43 0.004800 0.002400 -0.008314 
44 0.003283 0.002400 -0.009021 
45 0.001667 0.002400 -0.009454 
46 -0.000000 0.002400 -0.009600 
47 -0.001667 0.002400 -0.009454 
48 -0.003283 0.002400 -0.009021 
49 -0.004800 0.002400 -0.008314 
50 -0.006171 0.002400 -0.007354 
51 -0.007354 0.002400 -0.006171 
52 -0.008314 0.002400 -0.004800 
53 -0.009021 0.002400 -0.003283 
54 -0.009454 0.002400 -0.001667 
55 -0.009600 0.002400 0.000000 
56 -0.009454 0.002400 0.001667 
57 -0.009021 0.002400 0.003283 
58 -0.008314 0.002400 0.004800 
59 -0.007354 0.002400 0.006171 
60 -0.006171 0.002400 0.007354 
61 -0.004800 0.002400 0.008314 
62 -0.003283 0.002400 0.009021 
63 -0.001667 0.002400 0.009454 
64 0.000000 0.002400 0.009600 
65 0.001667 0.002400 0.009454 
66 0.003283 0.002400 0.009021 
67 0.004800 0.002400 0.008314 
68 0.006171 0.002400 0.007354 
69 0.007354 0.002400 0.006171 
70 0.008314 0.002400 0.004800 
71 0.009021 0.002400 0.003283 
72 0.009454 0.002400 0.001667 
73 0.015599 0.001200 -0.002751 
74 0.015840 0.001200 0.000000 
75 0.014885 0.001200 -0.005418 
76 0.013718 0.001200 -0.007920 
77 0.012134 0.001200 -0.010182 
78 0.010182 0.001200 -0.012134 
79 0.007920 0.001200 -0.013718 
80 0.005418 0.001200 -0.014885 
81 0.002751 0.001200 -0.015599 
82 -0.000000 0.001200 -0.015840 
83 -0.002751 0.001200 -0.015599 
84 -0.005418 0.001200 -0.014885 
85 -0.007920 0.001200 -0.013718 
86 -0.010182 0.001200 -0.012134 
87 -0.012134 0.001200 -0.010182 
88 -0.013718 0.001200 -0.007920 
89 -0.014885 0.001200 -0.005418 
90 -0.015599 0.001200 -0.002750 
91 -0.015840 0.001200 0.000000 
92 -0.015599 0.001200 0.002751 
93 -0.014885 0.001200 0.005418 
94 -0.013718 0.001200 0.007920 
95 -0.012134 0.001200 0.010182 
96 -0.010182 0.001200 0.012134 
97 -0.007920 0.001200 0.013718 
98 -0.005417 0.001200 0.014885 
99 -0.002750 0.001200 0.015599 
100 0.000000 0.001200 0.015840 
101 0.002751 0.001200 0.015599 
102 0.005418 0.001200 0.014885 
103 0.007920 0.001200 0.013718 
104 0.010182 0.001200 0.012134 
105 0.012134 0.001200 0.010182 
106 0.013718 0.001200 0.007920 
107 0.014885 0.001200 0.005417 
108 0.015599 0.001200 0.002750 
109 0.021272 -0.000480 -0.003751 
110 0.021600 -0.000480 0.000000 
111 0.020297 -0.000480 -0.007388 
112 0.018706 -0.000480 -0.010800 
113 0.016547 -0.000480 -0.013884 
114 0.013884 -0.000480 -0.016547 
115 0.010800 -0.000480 -0.018706 
116 0.007388 -0.000480 -0.020297 
117 0.003751 -0.000480 -0.021272 
118 -0.000000 -0.000480 -0.021600 
119 -0.003751 -0.000480 -0.021272 
120 -0.007388 -0.000480 -0.020297 
121 -0.010800 -0.000480 -0.018706 
122 -0.013884 -0.000480 -0.016547 
123 -0.016547 -0.000480 -0.013884 
124 -0.018706 -0.000480 -0.010800 
125 -0.020297 -0.000480 -0.007387 
126 -0.021272 -0.000480 -0.003751 
127 -0.021600 -0.000480 0.000000 
128 -0.021272 -0.000480 0.003751 
129 -0.020297 -0.000480 0.007388 
130 -0.018706 -0.000480 0.010800 
131 -0.016546 -0.000480 0.013884 
132 -0.013884 -0.000480 0.016547 
133 -0.010800 -0.000480 0.018706 
134 -0.007387 -0.000480 0.020297 
135 -0.003751 -0.000480 0.021272 
136 0.000000 -0.000480 0.021600 
137 0.003751 -0.000480 0.021272 
138 0.007388 -0.000480 0.020297 
139 0.010800 -0.000480 0.018706 
140 0.013884 -0.000480 0.016546 
141 0.016547 -0.000480 0.013884 
142 0.018706 -0.000480 0.010800 
143 0.020297 -0.000480 0.007387 
144 0.021272 -0.000480 0.003750 
145 0.025053 -0.001200 -0.004418 
146 0.025440 -0.001200 0.000000 
147 0.023906 -0.001200 -0.008701 
148 0.022032 -0.001200 -0.012720 
149 0.019488 -0.001200 -0.016353 
150 0.016353 -0.001200 -0.019488 
151 0.012720 -0.001200 -0.022032 
152 0.008701 -0.001200 -0.023906 
153 0.004418 -0.001200 -0.025053 
154 -0.000000 -0.001200 -0.025440 
155 -0.004418 -0.001200 -0.025053 
156 -0.008701 -0.001200 -0.023906 
157 -0.012720 -0.001200 -0.022032 
158 -0.016353 -0.001200 -0.019488 
159 -0.019488 -0.001200 -0.016352 
160 -0.022032 -0.001200 -0.012720 
161 -0.023906 -0.001200 -0.008701 
162 -0.025054 -0.001200 -0.004417 
163 -0.025440 -0.001200 0.000000 
164 -0.025053 -0.001200 0.004418 
165 -0.023906 -0.001200 0.008701 
166 -0.022032 -0.001200 0.012720 
167 -0.019488 -0.001200 0.016353 
168 -0.016352 -0.001200 0.019488 
169 -0.012720 -0.001200 0.022032 
170 -0.008701 -0.001200 0.023906 
171 -0.004417 -0.001200 0.025054 
172 0.000000 -0.001200 0.025440 
173 0.004418 -0.001200 0.025053 
174 0.008701 -0.001200 0.023906 
175 0.012720 -0.001200 0.022031 
176 0.016353 -0.001200 0.019488 
177 0.019488 -0.001200 0.016352 
178 0.022032 -0.001200 0.012720 
179 0.023906 -0.001200 0.008701 
180 0.025054 -0.001200 0.004417 
181 0.028362 0.000000 -0.005001 
182 0.028800 0.000000 0.000000 
183 0.027063 0.000000 -0.009850 
184 0.024942 0.000000 -0.014400 
185 0.022062 0.000000 -0.018512 
186 0.018512 0.000000 -0.022062 
187 0.014400 0.000000 -0.024942 
188 0.009850 0.000000 -0.027063 
189 0.005001 0.000000 -0.028362 
190 -0.000000 0.000000 -0.028800 
191 -0.005001 0.000000 -0.028362 
192 -0.009850 0.000000 -0.027063 
193 -0.014400 0.000000 -0.024942 
194 -0.018512 0.000000 -0.022062 
195 -0.022062 0.000000 -0.018512 
196 -0.024942 0.000000 -0.014400 
197 -0.027063 0.000000 -0.009850 
198 -0.028362 0.000000 -0.005001 
199 -0.028800 0.000000 0.000000 
200 -0.028362 0.000000 0.005001 
201 -0.027063 0.000000 0.009850 
202 -0.024941 0.000000 0.014400 
203 -0.022062 0.000000 0.018513 
204 -0.018512 0.000000 0.022062 
205 -0.014400 0.000000 0.024942 
206 -0.009850 0.000000 0.027063 
207 -0.005001 0.000000 0.028362 
208 0.000000 0.000000 0.028800 
209 0.005001 0.000000 0.028362 
210 0.009851 0.000000 0.027063 
211 0.014400 0.000000 0.024941 
212 0.018513 0.000000 0.022062 
213 0.022062 0.000000 0.018512 
214 0.024942 0.000000 0.014400 
215 0.027063 0.000000 0.009850 
216 0.028362 0.000000 0.005001 
217 0.035453 0.007200 -0.006251 
218 0.036000 0.007200 0.000000 
219 0.033829 0.007200 -0.012313 
220 0.031177 0.007200 -0.018000 
221 0.027578 0.007200 -0.023140 
222 0.023140 0.007200 -0.027578 
223 0.018000 0.007200 -0.031177 
224 0.012313 0.007200 -0.033829 
225 0.006251 0.007200 -0.035453 
226 -0.000000 0.007200 -0.036000 
227 -0.006251 0.007200 -0.035453 
228 -0.012313 0.007200 -0.033829 
229 -0.018000 0.007200 -0.031177 
230 -0.023140 0.007200 -0.027578 
231 -0.027578 0.007200 -0.023140 
232 -0.031177 0.007200 -0.018000 
233 -0.033829 0.007200 -0.012312 
234 -0.035453 0.007200 -0.006251 
235 -0.036000 0.007200 0.000000 
236 -0.035453 0.007200 0.006252 
237 -0.033829 0.007200 0.012313 
238 -0.031177 0.007200 0.018000 
239 -0.027577 0.007200 0.023141 
240 -0.023140 0.007200 0.027578 
241 -0.018000 0.007200 0.031177 
242 -0.012312 0.007200 0.033829 
243 -0.006251 0.007200 0.035453 
244 0.000000 0.007200 0.036000 
245 0.006252 0.007200 0.035453 
246 0.012313 0.007200 0.033829 
247 0.018000 0.007200 0.031177 
248 0.023141 0.007200 0.027577 
249 0.027578 0.007200 0.023140 
250 0.031177 0.007200 0.018000 
251 0.033829 0.007200 0.012312 
252 0.035453 0.007200 0.006251 
253 0.041598 0.014400 -0.007335 
254 0.042240 0.014400 0.000000 
255 0.039693 0.014400 -0.014447 
256 0.036581 0.014400 -0.021120 
257 0.032358 0.014400 -0.027151 
258 0.027151 0.014400 -0.032358 
259 0.021120 0.014400 -0.036581 
260 0.014447 0.014400 -0.039693 
261 0.007335 0.014400 -0.041598 
262 -0.000000 0.014400 -0.042240 
263 -0.007335 0.014400 -0.041598 
264 -0.014447 0.014400 -0.039692 
265 -0.021120 0.014400 -0.036581 
266 -0.027152 0.014400 -0.032358 
267 -0.032358 0.014400 -0.027151 
268 -0.036581 0.014400 -0.021120 
269 -0.039693 0.014400 -0.014447 
270 -0.041598 0.014400 -0.007335 
271 -0.042240 0.014400 0.000000 
272 -0.041598 0.014400 0.007335 
273 -0.039692 0.014400 0.014447 
274 -0.036581 0.014400 0.021120 
275 -0.032357 0.014400 0.027152 
276 -0.027151 0.014400 0.032358 
277 -0.021120 0.014400 0.036581 
278 -0.014446 0.014400 0.039693 
279 -0.007334 0.014400 0.041598 
280 0.000000 0.014400 0.042240 
281 0.007335 0.014400 0.041598 
282 0.014447 0.014400 0.039692 
283 0.021120 0.014400 0.036581 
284 0.027152 0.014400 0.032357 
285 0.032358 0.014400 0.027151 
286 0.036581 0.014400 0.021119 
287 0.039693 0.014400 0.014446 
288 0.041598 0.014400 0.007334 
289 0.047271 0.024000 -0.008335 
290 0.048000 0.024000 0.000000 
291 0.045105 0.024000 -0.016417 
292 0.041569 0.024000 -0.024000 
293 0.036770 0.024000 -0.030854 
294 0.030854 0.024000 -0.036770 
295 0.024000 0.024000 -0.041569 
296 0.016417 0.024000 -0.045105 
297 0.008335 0.024000 -0.047271 
298 -0.000000 0.024000 -0.048000 
299 -0.008335 0.024000 -0.047271 
300 -0.016417 0.024000 -0.045105 
301 -0.024000 0.024000 -0.041569 
302 -0.030854 0.024000 -0.036770 
303 -0.036770 0.024000 -0.030854 
304 -0.041569 0.024000 -0.024000 
305 -0.045105 0.024000 -0.016417 
306 -0.047271 0.024000 -0.008335 
307 -0.048000 0.024000 0.000000 
308 -0.047271 0.024000 0.008335 
309 -0.045105 0.024000 0.016417 
310 -0.041569 0.024000 0.024000 
311 -0.036770 0.024000 0.030854 
312 -0.030853 0.024000 0.036771 
313 -0.024000 0.024000 0.041570 
314 -0.016416 0.024000 0.045105 
315 -0.008335 0.024000 0.047271 
316 0.000001 0.024000 0.048000 
317 0.008336 0.024000 0.047271 
318 0.016417 0.024000 0.045105 
319 0.024000 0.024000 0.041569 
320 0.030854 0.024000 0.036770 
321 0.036771 0.024000 0.030853 
322 0.041570 0.024000 0.023999 
323 0.045105 0.024000 0.016416 
324 0.047271 0.024000 0.008334 
325 0.049634 0.033600 -0.008752 
326 0.050400 0.033600 0.000000 
327 0.047360 0.033600 -0.017238 
328 0.043648 0.033600 -0.025200 
329 0.038609 0.033600 -0.032396 
330 0.032396 0.033600 -0.038609 
331 0.025200 0.033600 -0.043648 
332 0.017238 0.033600 -0.047360 
333 0.008752 0.033600 -0.049634 
334 -0.000000 0.033600 -0.050400 
335 -0.008752 0.033600 -0.049634 
336 -0.017238 0.033600 -0.047360 
337 -0.025200 0.033600 -0.043648 
338 -0.032397 0.033600 -0.038608 
339 -0.038609 0.033600 -0.032396 
340 -0.043648 0.033600 -0.025200 
341 -0.047361 0.033600 -0.017237 
342 -0.049634 0.033600 -0.008752 
343 -0.050400 0.033600 0.000000 
344 -0.049634 0.033600 0.008752 
345 -0.047360 0.033600 0.017238 
346 -0.043648 0.033600 0.025200 
347 -0.038608 0.033600 0.032397 
348 -0.032396 0.033600 0.038609 
349 -0.025200 0.033600 0.043648 
350 -0.017237 0.033600 0.047361 
351 -0.008751 0.033600 0.049634 
352 0.000001 0.033600 0.050400 
353 0.008752 0.033600 0.049634 
354 0.017238 0.033600 0.047360 
355 0.025201 0.033600 0.043647 
356 0.032397 0.033600 0.038608 
357 0.038609 0.033600 0.032396 
358 0.043648 0.033600 0.025199 
359 0.047361 0.033600 0.017237 
360 0.049634 0.033600 0.008751 
361 0.051289 0.043200 -0.009044 
362 0.052080 0.043200 0.000000 
363 0.048939 0.043200 -0.017812 
364 0.045103 0.043200 -0.026040 
365 0.039896 0.043200 -0.033476 
366 0.033476 0.043200 -0.039896 
367 0.026040 0.043200 -0.045103 
368 0.017812 0.043200 -0.048939 
369 0.009043 0.043200 -0.051289 
370 -0.000000 0.043200 -0.052080 
371 -0.009044 0.043200 -0.051289 
372 -0.017813 0.043200 -0.048939 
373 -0.026040 0.043200 -0.045102 
374 -0.033477 0.043200 -0.039895 
375 -0.039896 0.043200 -0.033476 
376 -0.045103 0.043200 -0.026040 
377 -0.048939 0.043200 -0.017812 
378 -0.051289 0.043200 -0.009043 
379 -0.052080 0.043200 0.000000 
380 -0.051289 0.043200 0.009044 
381 -0.048939 0.043200 0.017813 
382 -0.045102 0.043200 0.026040 
383 -0.039895 0.043200 0.033477 
384 -0.033476 0.043200 0.039896 
385 -0.026039 0.043200 0.045103 
386 -0.017812 0.043200 0.048939 
387 -0.009043 0.043200 0.051289 
388 0.000001 0.043200 0.052080 
389 0.009044 0.043200 0.051289 
390 0.017813 0.043200 0.048939 
391 0.026041 0.043200 0.045102 
392 0.033477 0.043200 0.039895 
393 0.039896 0.043200 0.033476 
394 0.045103 0.043200 0.026039 
395 0.048939 0.043200 0.017812 
396 0.051289 0.043200 0.009043 
397 0.051052 0.052320 -0.009002 
398 0.051840 0.052320 0.000000 
399 0.048714 0.052320 -0.017730 
400 0.044895 0.052320 -0.025920 
401 0.039712 0.052320 -0.033322 
402 0.033322 0.052320 -0.039712 
403 0.025920 0.052320 -0.044895 
404 0.017730 0.052320 -0.048714 
405 0.009002 0.052320 -0.051052 
406 -0.000000 0.052320 -0.051840 
407 -0.009002 0.052320 -0.051052 
408 -0.017731 0.052320 -0.048714 
409 -0.025920 0.052320 -0.044895 
410 -0.033322 0.052320 -0.039712 
411 -0.039712 0.052320 -0.033322 
412 -0.044895 0.052320 -0.025920 
413 -0.048714 0.052320 -0.017730 
414 -0.051052 0.052320 -0.009002 
415 -0.051840 0.052320 0.000000 
416 -0.051052 0.052320 0.009002 
417 -0.048713 0.052320 0.017731 
418 -0.044895 0.052320 0.025920 
419 -0.039711 0.052320 0.033322 
420 -0.033322 0.052320 0.039712 
421 -0.025920 0.052320 0.044895 
422 -0.017730 0.052320 0.048714 
423 -0.009001 0.052320 0.051052 
424 0.000001 0.052320 0.051840 
425 0.009003 0.052320 0.051052 
426 0.017731 0.052320 0.048713 
427 0.025921 0.052320 0.044894 
428 0.033323 0.052320 0.039711 
429 0.039712 0.052320 0.033322 
430 0.044895 0.052320 0.025919 
431 0.048714 0.052320 0.017730 
432 0.051053 0.052320 0.009001 
433 0.050107 0.059040 -0.008835 
434 0.050880 0.059040 0.000000 
435 0.047812 0.059040 -0.017402 
436 0.044063 0.059040 -0.025440 
437 0.038976 0.059040 -0.032705 
438 0.032705 0.059040 -0.038976 
439 0.025440 0.059040 -0.044063 
440 0.017402 0.059040 -0.047812 
441 0.008835 0.059040 -0.050107 
442 -0.000000 0.059040 -0.050880 
443 -0.008835 0.059040 -0.050107 
444 -0.017402 0.059040 -0.047812 
445 -0.025440 0.059040 -0.044063 
446 -0.032705 0.059040 -0.038976 
447 -0.038977 0.059040 -0.032705 
448 -0.044064 0.059040 -0.025440 
449 -0.047812 0.059040 -0.017402 
450 -0.050107 0.059040 -0.008835 
451 -0.050880 0.059040 0.000000 
452 -0.050107 0.059040 0.008836 
453 -0.047811 0.059040 0.017402 
454 -0.044063 0.059040 0.025440 
455 -0.038976 0.059040 0.032705 
456 -0.032705 0.059040 0.038977 
457 -0.025440 0.059040 0.044064 
458 -0.017401 0.059040 0.047812 
459 -0.008835 0.059040 0.050107 
460 0.000001 0.059040 0.050880 
461 0.008836 0.059040 0.050107 
462 0.017403 0.059040 0.047811 
463 0.025441 0.059040 0.044063 
464 0.032706 0.059040 0.038976 
465 0.038977 0.059040 0.032704 
466 0.044064 0.059040 0.025439 
467 0.047812 0.059040 0.017401 
468 0.050107 0.059040 0.008834 
469 0.046798 0.066000 -0.008252 
470 0.047520 0.066000 0.000000 
471 0.044654 0.066000 -0.016253 
472 0.041154 0.066000 -0.023760 
473 0.036402 0.066000 -0.030545 
474 0.030545 0.066000 -0.036403 
475 0.023760 0.066000 -0.041154 
476 0.016253 0.066000 -0.044654 
477 0.008252 0.066000 -0.046798 
478 -0.000000 0.066000 -0.047520 
479 -0.008252 0.066000 -0.046798 
480 -0.016253 0.066000 -0.044654 
481 -0.023760 0.066000 -0.041153 
482 -0.030545 0.066000 -0.036402 
483 -0.036403 0.066000 -0.030545 
484 -0.041154 0.066000 -0.023760 
485 -0.044654 0.066000 -0.016252 
486 -0.046798 0.066000 -0.008251 
487 -0.047520 0.066000 0.000000 
488 -0.046798 0.066000 0.008252 
489 -0.044654 0.066000 0.016253 
490 -0.041153 0.066000 0.023760 
491 -0.036402 0.066000 0.030546 
492 -0.030545 0.066000 0.036403 
493 -0.023760 0.066000 0.041154 
494 -0.016252 0.066000 0.044654 
495 -0.008251 0.066000 0.046798 
496 0.000001 0.066000 0.047520 
497 0.008252 0.066000 0.046798 
498 0.016253 0.066000 0.044654 
499 0.023760 0.066000 0.041153 
500 0.030546 0.066000 0.036402 
501 0.036403 0.066000 0.030545 
502 0.041154 0.066000 0.023759 
503 0.044654 0.066000 0.016252 
504 0.046798 0.066000 0.008251 
505 0.043016 0.070320 -0.007585 
506 0.043680 0.070320 0.000000 
507 0.041046 0.070320 -0.014940 
508 0.037828 0.070320 -0.021840 
509 0.033461 0.070320 -0.028077 
510 0.028077 0.070320 -0.033461 
511 0.021840 0.070320 -0.037828 
512 0.014939 0.070320 -0.041046 
513 0.007585 0.070320 -0.043016 
514 -0.000000 0.070320 -0.043680 
515 -0.007585 0.070320 -0.043016 
516 -0.014940 0.070320 -0.041046 
517 -0.021840 0.070320 -0.037828 
518 -0.028077 0.070320 -0.033461 
519 -0.033461 0.070320 -0.028077 
520 -0.037828 0.070320 -0.021840 
521 -0.041046 0.070320 -0.014939 
522 -0.043016 0.070320 -0.007585 
523 -0.043680 0.070320 0.000000 
524 -0.043016 0.070320 0.007585 
525 -0.041046 0.070320 0.014940 
526 -0.037828 0.070320 0.021840 
527 -0.033461 0.070320 0.028077 
528 -0.028077 0.070320 0.033461 
529 -0.021840 0.070320 0.037828 
530 -0.014939 0.070320 0.041046 
531 -0.007584 0.070320 0.043017 
532 0.000001 0.070320 0.043680 
533 0.007585 0.070320 0.043016 
534 0.014940 0.070320 0.041046 
535 0.021840 0.070320 0.037828 
536 0.028077 0.070320 0.033461 
537 0.033461 0.070320 0.028076 
538 0.037828 0.070320 0.021839 
539 0.041046 0.070320 0.014939 
540 0.043017 0.070320 0.007584 
541 0.038289 0.072720 -0.006751 
542 0.038880 0.072720 0.000000 
543 0.036535 0.072720 -0.013298 
544 0.033671 0.072720 -0.019440 
545 0.029784 0.072720 -0.024992 
546 0.024991 0.072720 -0.029784 
547 0.019440 0.072720 -0.033671 
548 0.013298 0.072720 -0.036535 
549 0.006751 0.072720 -0.038289 
550 -0.000000 0.072720 -0.038880 
551 -0.006752 0.072720 -0.038289 
552 -0.013298 0.072720 -0.036535 
553 -0.019440 0.072720 -0.033671 
554 -0.024992 0.072720 -0.029784 
555 -0.029784 0.072720 -0.024991 
556 -0.033671 0.072720 -0.019440 
557 -0.036535 0.072720 -0.013298 
558 -0.038289 0.072720 -0.006751 
559 -0.038880 0.072720 0.000000 
560 -0.038289 0.072720 0.006752 
561 -0.036535 0.072720 0.013298 
562 -0.033671 0.072720 0.019440 
563 -0.029784 0.072720 0.024992 
564 -0.024991 0.072720 0.029784 
565 -0.019440 0.072720 0.033671 
566 -0.013297 0.072720 0.036535 
567 -0.006751 0.072720 0.038289 
568 0.000000 0.072720 0.038880 
569 0.006752 0.072720 0.038289 
570 0.013298 0.072720 0.036535 
571 0.019440 0.072720 0.033671 
572 0.024992 0.072720 0.029784 
573 0.029784 0.072720 0.024991 
574 0.033671 0.072720 0.019439 
575 0.036535 0.072720 0.013297 
576 0.038289 0.072720 0.006751 
577 0.033089 0.074160 -0.005835 
578 0.033600 0.074160 0.000000 
579 0.031574 0.074160 -0.011492 
580 0.029098 0.074160 -0.016800 
581 0.025739 0.074160 -0.021598 
582 0.021598 0.074160 -0.025739 
583 0.016800 0.074160 -0.029098 
584 0.011492 0.074160 -0.031574 
585 0.005834 0.074160 -0.033090 
586 -0.000000 0.074160 -0.033600 
587 -0.005835 0.074160 -0.033089 
588 -0.011492 0.074160 -0.031574 
589 -0.016800 0.074160 -0.029098 
590 -0.021598 0.074160 -0.025739 
591 -0.025739 0.074160 -0.021598 
592 -0.029099 0.074160 -0.016800 
593 -0.031574 0.074160 -0.011492 
594 -0.033090 0.074160 -0.005834 
595 -0.033600 0.074160 0.000000 
596 -0.033089 0.074160 0.005835 
597 -0.031574 0.074160 0.011492 
598 -0.029098 0.074160 0.016800 
599 -0.025739 0.074160 0.021598 
600 -0.021597 0.074160 0.025739 
601 -0.016800 0.074160 0.029099 
602 -0.011491 0.074160 0.031574 
603 -0.005834 0.074160 0.033090 
604 0.000000 0.074160 0.033600 
605 0.005835 0.074160 0.033089 
606 0.011492 0.074160 0.031574 
607 0.016800 0.074160 0.029098 
608 0.021598 0.074160 0.025739 
609 0.025739 0.074160 0.021597 
610 0.029099 0.074160 0.016800 
611 0.031574 0.074160 0.011491 
612 0.033090 0.074160 0.005834 
613 0.027181 0.074400 -0.004793 
614 0.027600 0.074400 0.000000 
615 0.025936 0.074400 -0.009440 
616 0.023902 0.074400 -0.013800 
617 0.021143 0.074400 -0.017741 
618 0.017741 0.074400 -0.021143 
619 0.013800 0.074400 -0.023902 
620 0.009440 0.074400 -0.025936 
621 0.004793 0.074400 -0.027181 
622 -0.000000 0.074400 -0.027600 
623 -0.004793 0.074400 -0.027181 
624 -0.009440 0.074400 -0.025936 
625 -0.013800 0.074400 -0.023902 
626 -0.017741 0.074400 -0.021143 
627 -0.021143 0.074400 -0.017741 
628 -0.023902 0.074400 -0.013800 
629 -0.025936 0.074400 -0.009440 
630 -0.027181 0.074400 -0.004792 
631 -0.027600 0.074400 0.000000 
632 -0.027181 0.074400 0.004793 
633 -0.025936 0.074400 0.009440 
634 -0.023902 0.074400 0.013800 
635 -0.021143 0.074400 0.017741 
636 -0.017741 0.074400 0.021143 
637 -0.013800 0.074400 0.023903 
638 -0.009439 0.074400 0.025936 
639 -0.004792 0.074400 0.027181 
640 0.000000 0.074400 0.027600 
641 0.004793 0.074400 0.027181 
642 0.009440 0.074400 0.025935 
643 0.013800 0.074400 0.023902 
644 0.017741 0.074400 0.021143 
645 0.021143 0.074400 0.017741 
646 0.023903 0.074400 0.013800 
647 0.025936 0.074400 0.009439 
648 0.027181 0.074400 0.004792 
649 0.021272 0.074160 -0.003751 
650 0.021600 0.074160 0.000000 
651 0.020297 0.074160 -0.007388 
652 0.018706 0.074160 -0.010800 
653 0.016547 0.074160 -0.013884 
654 0.013884 0.074160 -0.016547 
655 0.010800 0.074160 -0.018706 
656 0.007388 0.074160 -0.020297 
657 0.003751 0.074160 -0.021272 
658 -0.000000 0.074160 -0.021600 
659 -0.003751 0.074160 -0.021272 
660 -0.007388 0.074160 -0.020297 
661 -0.010800 0.074160 -0.018706 
662 -0.013884 0.074160 -0.016547 
663 -0.016547 0.074160 -0.013884 
664 -0.018706 0.074160 -0.010800 
665 -0.020297 0.074160 -0.007387 
666 -0.021272 0.074160 -0.003751 
667 -0.021600 0.074160 0.000000 
668 -0.021272 0.074160 0.003751 
669 -0.020297 0.074160 0.007388 
670 -0.018706 0.074160 0.010800 
671 -0.016546 0.074160 0.013884 
672 -0.013884 0.074160 0.016547 
673 -0.010800 0.074160 0.018706 
674 -0.007387 0.074160 0.020297 
675 -0.003751 0.074160 0.021272 
676 0.000000 0.074160 0.021600 
677 0.003751 0.074160 0.021272 
678 0.007388 0.074160 0.020297 
679 0.010800 0.074160 0.018706 
680 0.013884 0.074160 0.016546 
681 0.016547 0.074160 0.013884 
682 0.018706 0.074160 0.010800 
683 0.020297 0.074160 0.007387 
684 0.021272 0.074160 0.003750 
685 0.015599 0.073440 -0.002751 
686 0.015840 0.073440 0.000000 
687 0.014885 0.073440 -0.005418 
688 0.013718 0.073440 -0.007920 
689 0.012134 0.073440 -0.010182 
690 0.010182 0.073440 -0.012134 
691 0.007920 0.073440 -0.013718 
692 0.005418 0.073440 -0.014885 
693 0.002751 0.073440 -0.015599 
694 -0.000000 0.073440 -0.015840 
695 -0.002751 0.073440 -0.015599 
696 -0.005418 0.073440 -0.014885 
697 -0.007920 0.073440 -0.013718 
698 -0.010182 0.073440 -0.012134 
699 -0.012134 0.073440 -0.010182 
700 -0.013718 0.073440 -0.007920 
701 -0.014885 0.073440 -0.005418 
702 -0.015599 0.073440 -0.002750 
703 -0.015840 0.073440 0.000000 
704 -0.015599 0.073440 0.002751 
705 -0.014885 0.073440 0.005418 
706 -0.013718 0.073440 0.007920 
707 -0.012134 0.073440 0.010182 
708 -0.010182 0.073440 0.012134 
709 -0.007920 0.073440 0.013718 
710 -0.005417 0.073440 0.014885 
711 -0.002750 0.073440 0.015599 
712 0.000000 0.073440 0.015840 
713 0.002751 0.073440 0.015599 
714 0.005418 0.073440 0.014885 
715 0.007920 0.073440 0.013718 
716 0.010182 0.073440 0.012134 
717 0.012134 0.073440 0.010182 
718 0.013718 0.073440 0.007920 
719 0.014885 0.073440 0.005417 
720 0.015599 0.073440 0.002750 
721 0.010400 0.072000 -0.001834 
722 0.010560 0.072000 0.000000 
723 0.009923 0.072000 -0.003612 
724 0.009145 0.072000 -0.005280 
725 0.008089 0.072000 -0.006788 
726 0.006788 0.072000 -0.008089 
727 0.005280 0.072000 -0.009145 
728 0.003612 0.072000 -0.009923 
729 0.001834 0.072000 -0.010400 
730 -0.000000 0.072000 -0.010560 
731 -0.001834 0.072000 -0.010400 
732 -0.003612 0.072000 -0.009923 
733 -0.005280 0.072000 -0.009145 
734 -0.006788 0.072000 -0.008089 
735 -0.008089 0.072000 -0.006788 
736 -0.009145 0.072000 -0.005280 
737 -0.009923 0.072000 -0.003612 
738 -0.010400 0.072000 -0.001834 
739 -0.010560 0.072000 0.000000 
740 -0.010399 0.072000 0.001834 
741 -0.009923 0.072000 0.003612 
742 -0.009145 0.072000 0.005280 
743 -0.008089 0.072000 0.006788 
744 -0.006788 0.072000 0.008089 
745 -0.005280 0.072000 0.009145 
746 -0.003612 0.072000 0.009923 
747 -0.001834 0.072000 0.010400 
748 0.000000 0.072000 0.010560 
749 0.001834 0.072000 0.010399 
750 0.003612 0.072000 0.009923 
751 0.005280 0.072000 0.009145 
752 0.006788 0.072000 0.008089 
753 0.008090 0.072000 0.006788 
754 0.009145 0.072000 0.005280 
755 0.009923 0.072000 0.003612 
756 0.010400 0.072000 0.001834 
757 0.005436 0.069600 -0.000959 
758 0.005520 0.069600 0.000000 
759 0.005187 0.069600 -0.001888 
760 0.004780 0.069600 -0.002760 
761 0.004229 0.069600 -0.003548 
762 0.003548 0.069600 -0.004229 
763 0.002760 0.069600 -0.004780 
764 0.001888 0.069600 -0.005187 
765 0.000959 0.069600 -0.005436 
766 -0.000000 0.069600 -0.005520 
767 -0.000959 0.069600 -0.005436 
768 -0.001888 0.069600 -0.005187 
769 -0.002760 0.069600 -0.004780 
770 -0.003548 0.069600 -0.004229 
771 -0.004229 0.069600 -0.003548 
772 -0.004780 0.069600 -0.002760 
773 -0.005187 0.069600 -0.001888 
774 -0.005436 0.069600 -0.000958 
775 -0.005520 0.069600 0.000000 
776 -0.005436 0.069600 0.000959 
777 -0.005187 0.069600 0.001888 
778 -0.004780 0.069600 0.002760 
779 -0.004229 0.069600 0.003548 
780 -0.003548 0.069600 0.004229 
781 -0.002760 0.069600 0.004780 
782 -0.001888 0.069600 0.005187 
783 -0.000958 0.069600 0.005436 
784 0.000000 0.069600 0.005520 
785 0.000959 0.069600 0.005436 
786 0.001888 0.069600 0.005187 
787 0.002760 0.069600 0.004780 
788 0.003548 0.069600 0.004229 
789 0.004229 0.069600 0.003548 
790 0.004781 0.069600 0.002760 
791 0.005187 0.069600 0.001888 
792 0.005436 0.069600 0.000958 
793 0.000000 0.067200 0.000000 
794 0.001623 0.064800 -0.000435 
795 0.002318 0.072000 -0.000621 
796 0.002400 0.072000 0.000000 
797 0.001680 0.064800 0.000000 
798 0.003709 0.079200 -0.000994 
799 0.003840 0.079200 0.000000 
800 0.001455 0.064800 -0.000840 
801 0.002078 0.072000 -0.001200 
802 0.003326 0.079200 -0.001920 
803 0.001188 0.064800 -0.001188 
804 0.001697 0.072000 -0.001697 
805 0.002715 0.079200 -0.002715 
806 0.000840 0.064800 -0.001455 
807 0.001200 0.072000 -0.002078 
808 0.001920 0.079200 -0.003326 
809 0.000435 0.064800 -0.001623 
810 0.000621 0.072000 -0.002318 
811 0.000994 0.079200 -0.003709 
812 -0.000000 0.064800 -0.001680 
813 -0.000000 0.072000 -0.002400 
814 -0.000000 0.079200 -0.003840 
815 -0.000435 0.064800 -0.001623 
816 -0.000621 0.072000 -0.002318 
817 -0.000994 0.079200 -0.003709 
818 -0.000840 0.064800 -0.001455 
819 -0.001200 0.072000 -0.002078 
820 -0.001920 0.079200 -0.003326 
821 -0.001188 0.064800 -0.001188 
822 -0.001697 0.072000 -0.001697 
823 -0.002715 0.079200 -0.002715 
824 -0.001455 0.064800 -0.000840 
825 -0.002078 0.072000 -0.001200 
826 -0.003326 0.079200 -0.001920 
827 -0.001623 0.064800 -0.000435 
828 -0.002318 0.072000 -0.000621 
829 -0.003709 0.079200 -0.000994 
830 -0.001680 0.064800 0.000000 
831 -0.002400 0.072000 0.000000 
832 -0.003840 0.079200 0.000000 
833 -0.001623 0.064800 0.000435 
834 -0.002318 0.072000 0.000621 
835 -0.003709 0.079200 0.000994 
836 -0.001455 0.064800 0.000840 
837 -0.002078 0.072000 0.001200 
838 -0.003326 0.079200 0.001920 
839 -0.001188 0.064800 0.001188 
840 -0.001697 0.072000 0.001697 
841 -0.002715 0.079200 0.002715 
842 -0.000840 0.064800 0.001455 
843 -0.001200 0.072000 0.002078 
844 -0.001920 0.079200 0.003326 
845 -0.000435 0.064800 0.001623 
846 -0.000621 0.072000 0.002318 
847 -0.000994 0.079200 0.003709 
848 0.000000 0.064800 0.001680 
849 0.000000 0.072000 0.002400 
850 0.000000 0.079200 0.003840 
851 0.000435 0.064800 0.001623 
852 0.000621 0.072000 0.002318 
853 0.000994 0.079200 0.003709 
854 0.000840 0.064800 0.001455 
855 0.001200 0.072000 0.002078 
856 0.001920 0.079200 0.003326 
857 0.001188 0.064800 0.001188 
858 0.001697 0.072000 0.001697 
859 0.002715 0.079200 0.002715 
860 0.001455 0.064800 0.000840 
861 0.002078 0.072000 0.001200 
862 0.003326 0.079200 0.001920 
863 0.001623 0.064800 0.000435 
864 0.002318 0.072000 0.000621 
865 0.003709 0.079200 0.000994 
866 0.000000 0.077760 0.000000 
1704 867
